105

[Solution]

86,6,3
8,1,1
41,3,3
16,3,0
61,0,3
107,2,3
55,1,0
102,3,2
78,1,3
90,3,0
0,1,2
73,1,0
8,3,2
15,3,1
79,4,2
63,1,2
4,0,1
71,2,0
27,2,2
45,1,0
66,3,1
16,4,1
10,0,2
2,7,0
6,3,0
31,2,2
3,5,2
64,1,1
24,7,1
36,8,1
50,6,3
82,6,1
1,0,0
20,1,2
14,0,2
43,6,0
84,6,3
117,2,0
74,6,0
4,12,3
12,4,1
1,9,3
19,7,0
67,6,1
26,3,1
78,5,0
114,4,3
2,4,2
99,4,2
90,2,1

[Solution]

12,7,3
82,0,1
64,0,2
67,0,3
28,3,0
13,1,1
54,0,0
73,4,3
0,5,2
0,3,1
39,7,0
16,11,3
61,3,2
53,3,3
14,4,0
32,0,0
44,2,1
3,3,3
96,0,3
10,1,0
8,7,1
23,6,1
20,2,0
74,0,0
7,3,0
52,4,0
0,0,0
31,7,2
21,3,3
12,0,0
33,3,3
36,4,1
17,4,2
47,0,2
32,1,3
26,2,2
27,3,2
58,6,2
22,1,1
9,7,0
18,3,1
8,3,1
5,4,3
1,6,2
92,2,0
17,0,0
47,3,0
25,3,0
2,8,2
33,5,0

[Solution]

20,6,3
3,1,2
79,5,2
48,3,0
46,3,0
73,3,1
11,8,2
67,0,3
6,5,3
7,12,0
38,5,0
25,4,1
5,3,0
53,12,1
37,6,0
2,1,2
0,3,1
22,3,1
0,14,0
6,1,0
60,2,3
28,0,1
5,9,1
24,12,0
2,10,0
60,7,3
0,12,2
69,1,3
65,15,1
51,17,1
16,7,0
4,3,1
26,6,3
14,3,1
31,3,0
34,1,0
10,7,3
43,8,0
17,2,3
15,5,2
48,6,0
12,14,0
18,17,1
26,16,1
55,13,1
57,13,3
49,6,0
33,6,1
56,6,2
30,9,1

[Solution]

31,0,2
25,3,0
37,5,1
55,4,0
26,0,2
41,15,0
0,9,1
39,3,0
7,6,3
19,12,0
41,10,0
43,3,1
1,4,3
56,13,1
23,4,2
1,3,0
9,1,2
2,2,0
28,7,0
4,1,0
27,3,2
5,4,1
50,1,3
24,12,0
4,11,0
61,6,1
36,1,0
63,3,3
69,18,3
51,17,1
12,7,0
16,9,1
14,8,3
45,5,2
81,12,2
3,10,2
13,7,3
67,3,1
57,15,0
0,4,2
64,0,0
11,14,0
61,10,1
63,15,3
49,14,1
42,14,0
79,6,2
1,13,0
2,18,3
21,5,0

[Solution]

4,6,3
22,11,1
79,5,2
55,4,0
46,3,0
88,11,0
11,8,2
29,0,2
6,6,3
4,12,0
51,6,0
31,4,0
9,3,0
53,12,1
37,6,0
2,3,1
0,2,1
23,3,1
0,14,0
6,1,0
45,10,2
24,9,0
5,9,1
24,12,0
3,10,0
60,7,3
0,12,2
59,2,1
81,15,1
51,17,1
18,8,1
19,3,3
14,8,3
45,3,0
39,5,3
16,4,0
24,6,2
49,8,2
64,6,0
49,13,3
48,6,0
12,14,0
18,17,1
26,16,1
55,15,1
58,13,3
31,6,2
91,6,2
56,6,2
32,5,1

[Solution]

6,4,1
20,12,1
82,0,3
25,11,2
31,1,2
42,15,0
33,6,0
22,1,2
55,14,0
51,2,0
56,16,1
32,5,0
1,3,0
65,13,1
26,6,0
2,3,1
9,1,2
23,3,1
0,14,0
44,2,0
48,4,0
30,0,0
65,2,3
4,5,2
9,9,0
61,6,1
0,12,0
62,8,0
69,18,3
51,17,1
18,8,1
17,3,1
6,14,3
44,13,0
74,13,2
3,10,1
18,7,0
49,8,2
48,13,0
49,13,3
64,1,0
15,15,3
0,18,0
36,18,0
53,15,1
59,14,3
19,18,0
1,13,0
8,18,3
14,3,3

[Solution]

95,1,1
97,0,2
113,0,2
73,3,3
123,0,2
79,0,0
69,1,0
84,1,1
45,3,0
60,3,3
68,0,1
81,6,2
41,3,0
53,3,1
101,3,1
56,1,2
74,1,2
72,2,0
91,3,2
49,4,0
57,4,0
94,0,1
43,1,1
36,1,2
0,2,2
6,2,2
37,1,1
3,2,2
52,2,0
46,4,2
17,1,3
21,3,1
0,5,0
4,3,1
0,4,3
1,1,0
24,4,3
34,2,1
92,1,0
91,1,1
141,0,1
121,3,3
156,0,3
133,3,1
136,0,0
116,3,0
81,3,1
127,1,0
89,3,1
36,3,0

[Solution]

9,6,3
62,18,1
1,16,1
6,12,0
40,1,2
67,11,1
38,4,2
22,1,2
8,1,2
1,6,0
2,4,3
31,4,0
46,1,1
60,3,3
68,11,1
4,2,2
12,1,2
0,2,3
5,0,0
4,0,2
48,4,0
26,0,2
38,8,2
24,12,0
10,10,0
64,7,2
53,18,0
62,8,0
69,18,3
19,4,1
39,6,0
8,19,0
1,12,0
55,0,0
48,6,2
0,10,1
24,7,3
52,3,1
45,17,0
13,5,1
57,2,0
14,16,0
4,17,1
20,14,3
22,13,1
56,8,1
51,4,0
31,5,0
5,5,2
41,8,0

[Solution]

32,0,1
13,2,1
25,0,3
74,3,0
71,3,0
2,7,3
7,7,0
1,1,2
5,5,0
49,6,3
60,0,1
29,1,0
16,5,2
28,12,3
1,9,0
0,0,0
55,8,0
11,11,3
60,2,1
3,2,3
36,5,1
16,10,1
64,1,0
26,2,0
73,17,3
54,4,1
1,15,2
63,3,3
41,3,1
50,1,3
15,3,2
20,3,0
8,15,3
22,1,0
41,11,2
13,7,2
43,0,2
31,5,2
43,16,1
80,3,2
53,18,0
2,15,1
38,1,3
24,6,1
64,2,0
9,3,1
76,0,2
0,4,0
100,3,0
55,3,2

[Solution]

44,5,0
29,3,0
27,1,1
7,9,1
26,6,0
33,15,2
11,3,1
8,3,0
7,4,0
46,4,2
14,3,3
14,10,0
0,3,0
35,5,1
3,11,0
2,1,0
14,1,2
28,4,3
39,1,2
1,2,0
19,9,1
19,2,0
56,1,0
4,4,2
2,6,0
12,1,0
10,0,3
0,8,0
38,9,1
16,5,1
64,0,1
23,3,1
56,2,0
3,0,2
49,7,3
37,0,0
2,11,1
59,4,0
23,7,3
30,5,3
47,2,1
17,5,2
56,11,0
34,7,1
54,6,3
47,7,2
9,8,3
3,2,1
18,4,3
46,8,0

[Solution]

28,4,1
32,3,0
18,1,1
26,3,0
4,2,0
10,7,2
56,5,3
12,2,0
25,3,0
24,0,3
17,5,0
10,1,1
6,3,0
24,5,0
4,9,0
39,0,0
24,6,0
16,2,3
27,6,3
13,0,3
21,2,0
5,9,2
8,2,0
7,0,0
23,4,3
8,6,0
62,2,0
36,2,2
8,3,1
1,4,0
46,0,3
3,9,3
2,5,0
5,3,3
12,6,0
0,3,1
53,4,3
50,10,1
27,4,1
40,9,1
7,4,1
13,8,3
13,7,0
1,5,2
0,11,3
48,7,0
18,4,3
11,1,0
3,1,2
42,9,1

[Solution]

74,2,2
72,1,1
17,1,0
0,3,0
4,0,3
46,4,2
25,0,2
11,0,2
37,5,1
71,3,0
41,1,2
35,0,2
51,0,2
82,3,3
67,3,1
57,2,2
45,1,0
134,4,3
143,0,3
113,0,1
103,3,1
105,0,2
128,2,0
177,0,0
181,1,1
169,2,0
160,1,3
130,1,0
144,1,0
145,0,1
202,0,0
172,2,3
167,2,3
166,0,1
170,3,2
152,0,0
99,4,0
168,5,2
67,0,1
62,1,2
57,4,0
58,3,0
52,0,0
98,1,3
108,5,1
115,2,3
92,0,3
34,1,1
114,3,1
136,0,0

[Solution]

47,16,0
62,18,1
78,18,1
38,13,1
76,17,1
65,14,1
81,18,1
75,14,0
40,16,0
25,12,0
22,17,1
51,18,0
66,14,0
86,14,1
68,11,1
2,3,1
10,1,2
0,2,3
45,0,3
1,2,0
11,2,1
29,0,1
7,2,3
3,0,0
8,8,2
61,6,1
56,4,0
62,8,0
64,3,3
21,6,2
43,11,3
44,8,0
54,11,1
34,13,0
74,13,2
46,6,2
24,7,3
51,9,2
14,13,0
19,4,0
57,2,0
38,8,1
2,17,1
54,18,0
41,15,0
25,17,0
72,18,0
5,14,1
79,18,0
92,17,2

[Solution]

0,6,3
126,6,0
39,0,3
58,3,0
40,1,2
172,2,2
28,1,2
37,0,2
160,4,0
57,4,0
31,5,0
80,1,0
48,3,0
49,3,1
70,3,1
82,0,3
36,3,1
159,3,1
93,1,2
45,2,0
28,2,3
89,6,0
65,2,0
157,3,1
33,0,0
52,0,1
167,6,2
180,0,3
161,1,0
19,5,1
76,2,1
97,2,3
117,1,0
11,3,3
78,4,1
156,2,0
43,0,1
52,3,1
95,0,2
67,3,1
50,1,1
86,4,1
102,3,1
110,6,0
2,8,0
54,7,0
51,4,0
45,8,2
15,2,2
26,3,3

[Solution]

32,0,1
97,9,0
82,0,0
73,5,3
23,0,2
66,3,1
17,0,3
56,4,0
55,3,0
44,6,0
28,9,0
42,1,0
16,5,2
78,1,0
80,3,3
72,3,2
52,6,0
5,4,0
78,3,0
93,4,0
36,5,1
29,3,1
70,1,0
18,4,3
25,5,2
58,3,1
14,1,0
63,3,3
10,1,3
74,4,1
23,5,0
77,2,0
42,3,3
33,5,3
76,3,1
45,2,0
69,3,2
26,0,0
62,0,3
49,0,1
99,4,3
89,1,3
84,1,0
82,4,2
112,10,0
116,0,0
37,2,0
86,2,0
94,3,0
52,2,0

[Solution]

0,8,2
37,3,0
25,0,3
7,9,1
0,14,2
6,12,1
14,8,2
64,7,1
0,5,3
22,4,0
30,6,2
39,8,1
3,0,3
28,12,1
5,9,0
0,1,0
27,2,0
28,3,1
42,10,1
4,1,3
21,9,0
33,2,1
12,1,0
10,4,2
1,6,1
31,1,1
35,13,2
34,3,0
26,11,1
48,1,0
64,0,1
14,3,2
52,13,3
11,7,0
49,7,3
41,3,3
3,11,1
1,7,1
15,4,3
37,6,1
0,4,2
42,3,0
50,12,1
16,12,0
1,9,0
59,4,1
9,8,3
7,3,2
18,3,0
48,9,3

[Solution]

5,9,1
30,0,2
27,2,0
39,0,3
15,8,0
34,16,2
28,1,2
1,14,3
6,6,1
63,4,0
9,4,1
14,10,1
13,5,0
20,3,0
4,9,3
6,1,0
60,1,2
0,3,3
30,8,0
34,1,1
41,9,3
89,6,3
40,0,0
2,5,1
35,1,0
2,0,3
10,0,3
7,5,0
23,11,3
76,1,0
66,1,1
97,2,3
107,11,3
22,1,0
84,4,2
69,3,0
43,0,2
35,6,0
93,0,3
40,9,1
55,1,0
10,9,0
58,12,0
24,6,1
7,8,2
54,7,0
18,4,3
16,6,0
1,4,2
21,14,2

[Solution]

0,6,3
126,6,0
39,0,3
59,0,3
45,1,2
172,2,1
28,1,2
17,1,2
160,4,0
57,4,0
31,5,0
80,1,0
48,3,0
49,3,1
70,3,1
82,0,3
36,3,1
159,3,1
93,1,2
47,2,0
37,2,0
89,6,3
65,2,0
157,0,3
33,0,0
52,0,1
167,6,2
180,0,3
161,1,0
19,5,1
76,2,1
97,2,3
117,1,0
11,3,3
78,4,1
156,2,0
43,0,1
72,5,0
95,0,2
67,3,1
50,1,1
86,4,1
102,3,1
110,6,0
2,8,0
54,7,0
33,5,3
45,8,2
15,2,2
26,3,3

[Solution]

17,5,2
37,1,1
8,1,1
2,4,0
13,3,0
55,2,3
24,0,0
3,0,2
12,1,2
57,4,0
129,13,0
86,1,0
48,3,0
47,3,1
70,3,1
81,0,3
59,1,0
100,10,1
126,10,1
152,10,0
45,2,0
83,6,0
166,0,2
158,3,1
155,1,1
169,2,2
103,0,3
141,3,3
161,1,0
153,1,3
112,2,2
97,2,3
134,1,0
148,1,0
84,4,2
137,2,1
53,4,3
74,7,2
95,0,2
67,3,3
92,0,0
10,9,0
89,1,0
98,1,2
2,8,0
54,7,0
62,4,1
45,8,2
14,1,2
20,3,1

[Solution]

99,2,1
140,0,3
136,2,2
144,3,0
157,2,0
144,2,2
86,3,1
129,3,1
76,3,2
53,3,0
53,6,2
90,4,0
65,4,3
72,3,1
58,3,0
45,0,2
75,1,1
52,0,0
93,5,1
87,6,0
32,2,1
27,8,2
45,8,0
27,7,0
9,5,3
62,9,0
59,5,0
103,9,2
97,2,1
147,11,0
130,11,0
126,0,2
135,11,0
125,10,0
156,11,0
164,2,3
163,11,1
140,9,0
86,7,0
47,3,2
41,3,1
97,1,2
71,1,2
96,5,2
103,0,0
111,0,3
117,1,0
112,3,2
107,5,1
82,0,0

[Solution]

6,7,0
9,4,3
32,6,0
51,2,2
55,1,1
33,15,2
11,9,0
4,3,0
14,4,0
39,3,1
1,8,2
2,2,1
15,5,3
6,3,1
16,3,0
7,2,1
14,6,2
10,9,1
42,8,0
3,1,1
0,12,2
46,2,1
23,1,0
9,3,1
12,5,3
29,1,3
12,1,1
11,1,1
5,1,2
0,5,1
38,9,0
1,3,1
52,13,3
10,2,2
9,6,2
35,5,0
7,11,1
15,2,1
0,0,2
21,4,2
19,1,0
16,8,3
7,7,1
30,9,3
2,8,0
42,3,3
0,8,3
8,4,0
23,3,1
53,9,0

[Solution]

67,6,1
43,3,0
85,2,2
4,7,0
44,1,2
35,13,2
8,9,1
74,7,2
6,6,1
47,3,1
28,6,0
52,2,1
30,1,3
21,10,1
1,9,0
54,4,1
10,4,2
18,2,3
42,10,0
3,1,0
15,5,1
70,3,1
58,6,2
2,5,1
46,2,0
61,3,0
17,1,0
17,4,2
7,1,0
50,1,0
64,0,1
26,3,3
52,13,3
33,2,0
55,7,0
74,2,0
3,11,1
41,6,2
45,1,0
37,6,2
55,1,2
37,1,3
57,13,2
3,3,3
0,9,1
38,0,3
26,8,2
62,9,2
22,4,0
48,9,0

[Solution]

8,6,1
9,3,0
13,2,0
3,8,0
19,7,2
7,2,1
40,8,0
3,6,3
46,4,0
31,3,0
26,7,2
39,8,0
2,7,0
16,3,2
18,4,0
44,1,2
51,4,3
10,2,3
2,2,2
48,1,3
47,2,0
7,5,1
69,2,1
1,9,3
0,5,0
30,0,1
0,1,0
6,0,3
5,2,1
12,0,0
61,4,2
39,2,3
64,3,2
44,0,0
18,7,2
20,0,0
29,1,2
2,8,0
0,4,0
2,3,3
12,6,3
25,2,0
8,0,3
1,5,0
11,6,3
15,1,0
13,4,3
24,2,0
26,1,1
28,8,0

[Solution]

5,7,1
15,4,0
7,1,0
13,13,1
0,15,3
32,16,0
34,15,0
1,10,2
27,15,1
48,1,0
5,18,1
14,3,3
2,2,3
7,6,2
22,6,3
29,8,2
6,0,0
33,3,0
18,12,1
0,11,2
11,2,3
16,6,1
19,3,0
30,18,2
25,9,2
31,17,1
1,1,0
3,14,0
19,1,0
47,14,0
25,2,2
45,2,3
21,4,0
0,7,2
7,2,3
42,1,3
9,8,1
0,6,2
20,2,0
9,5,0
22,14,3
21,14,3
30,9,0
6,14,2
1,4,0
0,8,0
13,14,2
5,5,1
38,4,2
10,16,2

[Solution]

67,6,1
43,3,0
85,2,0
9,4,3
44,1,2
35,13,2
0,10,1
74,7,2
6,6,1
47,3,1
34,6,0
52,2,1
0,1,2
21,10,1
4,9,0
29,3,0
10,4,2
18,2,3
42,10,0
3,1,0
15,5,1
70,3,1
58,6,2
2,5,1
46,2,0
61,3,0
17,1,0
17,4,2
7,1,0
50,1,0
64,0,1
26,3,1
52,13,3
33,2,0
55,7,0
74,2,0
3,11,1
41,6,2
45,1,0
37,6,2
55,1,2
37,1,3
57,13,2
3,3,3
6,9,0
38,0,3
26,8,2
62,9,2
22,4,0
48,9,0

[Solution]

53,6,1
43,3,0
6,7,1
5,5,3
46,7,3
32,13,2
22,4,1
64,7,1
24,6,2
44,4,1
34,6,0
39,8,1
9,2,3
28,11,3
5,9,0
35,3,1
5,4,2
18,2,3
42,10,1
2,1,0
22,9,1
70,3,1
58,6,2
2,5,3
23,6,2
61,3,0
17,1,0
49,5,3
7,1,0
56,1,3
64,0,1
28,0,2
52,13,3
33,2,0
55,7,3
2,3,3
3,11,1
16,5,0
15,4,1
37,6,2
1,2,2
40,1,3
13,3,0
16,12,2
6,9,0
37,3,1
12,9,0
10,3,0
68,2,1
48,9,0

[Solution]

55,6,0
40,3,0
11,6,0
4,4,3
8,7,0
34,16,2
53,5,0
13,2,0
22,5,0
44,4,3
1,5,2
0,2,2
4,3,3
21,10,1
9,10,0
17,2,1
12,3,2
14,10,1
36,7,2
3,1,0
5,14,1
46,2,1
58,6,2
47,2,3
48,2,0
55,1,0
11,0,0
59,3,1
9,8,1
4,10,1
64,0,1
38,4,3
52,13,3
45,2,0
3,8,2
0,15,1
3,12,2
32,4,0
21,5,0
64,9,1
19,7,1
24,1,3
20,7,1
48,9,2
4,9,0
28,3,1
28,8,1
62,9,2
5,4,3
53,9,0

[Solution]

61,6,2
58,3,1
32,6,0
79,6,2
29,9,1
15,10,1
30,6,2
49,5,0
56,8,1
96,6,0
21,8,1
12,2,2
4,3,3
22,11,0
83,4,0
28,3,1
14,6,2
6,0,0
42,8,0
3,1,0
106,4,0
88,3,0
58,6,2
2,3,1
17,4,1
38,7,2
17,1,0
12,5,0
0,1,0
28,7,1
16,10,0
22,0,0
41,3,2
43,2,1
10,8,3
1,6,0
6,11,0
3,2,1
50,1,3
9,3,1
4,4,1
23,2,3
93,3,1
31,5,1
12,9,2
16,1,3
20,2,3
10,4,0
31,3,0
70,6,1

[Solution]

67,6,1
49,3,0
9,5,1
13,4,0
55,1,1
9,11,1
1,10,3
68,6,0
2,7,3
44,4,1
46,6,2
52,2,1
0,2,3
21,10,1
14,7,0
29,3,3
42,4,0
27,2,3
42,10,0
19,8,0
19,3,2
70,3,0
40,0,2
0,1,0
0,6,0
22,8,0
18,1,0
15,1,1
5,1,0
56,1,3
64,0,1
30,0,0
14,10,0
29,1,2
9,3,0
6,7,2
3,8,2
11,5,0
6,2,0
61,4,0
12,2,1
22,4,0
57,13,2
2,3,3
2,10,0
38,0,3
28,7,2
62,9,2
4,4,1
48,9,0

[Solution]

67,6,1
1,5,3
18,0,2
8,7,0
29,0,3
58,0,0
11,10,2
34,1,1
4,7,3
10,3,1
44,5,2
12,12,0
0,1,2
29,11,0
28,6,0
9,0,3
14,6,2
5,0,0
42,8,0
1,1,0
19,9,1
13,4,1
21,0,0
30,1,3
34,2,0
0,9,0
23,1,0
73,2,2
16,3,1
28,2,0
16,10,2
6,9,0
18,2,0
45,2,0
62,3,0
1,10,0
2,11,3
41,4,1
21,4,0
5,4,3
12,2,1
41,1,2
57,13,0
18,3,2
12,10,1
26,1,0
33,7,0
55,2,3
22,2,2
33,3,3

[Solution]

67,6,1
49,3,0
29,7,0
4,8,2
15,7,2
9,11,1
53,5,0
68,6,0
4,7,3
50,4,1
10,9,0
23,7,1
12,2,1
22,11,0
14,8,3
29,3,3
14,6,0
28,2,3
44,8,2
3,7,1
15,5,3
70,3,0
40,0,2
15,1,0
47,1,0
22,8,0
58,2,3
1,1,1
7,1,0
16,7,1
64,0,1
81,3,1
2,4,2
29,1,2
23,3,0
74,3,0
3,11,2
0,5,0
5,1,1
43,6,0
21,7,0
27,3,2
4,5,1
31,3,3
12,10,1
35,1,0
28,8,2
62,9,2
22,4,0
48,9,0

[Solution]

67,6,1
49,3,0
26,1,3
38,9,2
20,7,0
56,1,1
16,8,2
1,4,0
0,5,0
56,4,3
16,9,3
23,7,1
12,2,3
7,6,2
19,7,0
30,1,2
2,7,2
8,0,0
50,8,1
0,7,0
2,12,1
43,5,1
41,0,2
33,3,0
47,1,3
8,7,3
23,1,1
12,5,2
8,1,1
14,0,1
44,9,1
23,2,2
24,10,1
36,1,2
0,8,3
1,5,1
3,12,2
11,6,0
5,1,0
9,4,3
51,1,1
5,4,0
4,5,1
4,10,3
4,8,0
36,7,0
2,3,1
33,6,0
40,4,3
48,9,0

[Solution]

67,6,1
4,4,3
25,2,0
38,9,2
55,1,1
56,1,1
30,6,2
74,7,1
3,2,2
62,4,0
37,5,1
12,2,0
9,1,3
29,11,0
31,6,0
16,4,0
14,6,2
6,0,0
42,8,0
3,1,0
20,9,3
51,2,1
58,6,2
2,3,1
46,2,0
5,8,2
29,1,0
16,5,2
0,1,0
28,7,1
16,10,2
22,0,0
12,8,0
45,2,0
43,9,0
1,5,0
6,11,0
41,4,0
21,4,0
18,3,0
1,4,3
11,3,3
6,3,0
31,5,1
12,9,2
36,7,0
0,6,1
37,0,0
31,3,0
48,9,3

[Solution]

66,6,3
5,3,0
1,8,0
13,12,0
45,4,2
28,16,3
11,9,0
62,7,2
1,6,3
3,7,0
46,6,2
55,15,2
10,3,0
8,11,1
47,7,0
51,0,3
0,11,1
19,0,0
43,9,1
37,4,0
26,8,0
43,2,2
28,2,0
7,5,1
3,5,3
11,8,3
22,1,0
20,5,0
32,1,3
36,6,0
19,10,0
35,0,2
52,13,3
36,2,1
72,12,1
40,14,2
0,9,2
41,4,0
15,17,3
8,3,2
4,5,3
15,1,2
57,13,2
0,7,0
4,16,0
0,0,0
8,7,2
7,17,1
55,3,1
30,5,1

[Solution]

143,0,2
122,0,3
174,1,1
144,2,2
134,1,3
131,2,0
151,3,2
185,2,1
164,1,2
151,6,1
101,5,0
112,0,2
88,0,1
70,4,0
94,4,1
54,2,2
116,1,2
161,0,0
163,1,0
157,4,3
135,4,0
105,7,3
106,1,0
74,3,1
71,9,1
38,7,2
58,5,2
53,5,0
50,7,0
29,4,3
58,2,1
28,2,0
41,3,2
87,1,0
87,2,3
113,2,0
53,4,0
82,3,1
67,0,1
76,2,2
126,1,0
100,3,3
93,3,1
57,1,2
121,8,1
107,3,0
130,3,3
158,3,1
171,0,1
97,3,3

[Solution]

57,6,1
0,3,0
23,6,3
42,7,0
6,8,3
19,16,0
6,9,0
21,4,3
30,3,0
28,5,0
0,7,2
45,15,0
2,3,3
17,11,0
48,5,1
10,6,1
1,7,1
11,0,0
50,8,1
31,15,0
21,2,3
21,11,1
47,2,0
25,1,3
23,8,3
13,6,0
35,13,0
6,1,1
33,13,1
20,4,0
17,7,3
35,0,2
51,12,2
6,12,1
4,2,3
3,6,0
14,2,0
27,6,0
15,1,3
9,4,1
1,0,2
37,15,0
0,14,3
6,5,1
10,9,0
7,10,0
11,6,1
2,4,1
32,7,0
2,10,0

[Solution]

60,6,3
35,0,1
0,7,0
3,5,0
61,7,2
19,11,2
24,6,0
48,1,2
19,2,2
62,4,0
10,9,1
35,9,0
11,1,2
29,11,0
34,7,0
36,1,3
14,6,0
54,2,0
44,8,0
8,1,0
19,9,3
97,3,0
56,6,2
12,1,3
1,4,1
61,12,1
58,2,2
68,8,2
10,1,0
80,4,2
16,10,2
22,0,0
4,0,3
2,3,2
70,0,2
7,3,1
1,5,2
41,4,0
21,4,0
0,9,2
22,5,1
15,1,3
57,12,1
0,5,0
6,10,0
36,4,0
31,8,1
37,0,0
28,3,3
43,3,2

[Solution]

67,6,1
33,0,3
0,8,0
48,7,0
68,0,1
42,11,3
20,6,0
18,7,1
1,5,0
62,4,0
38,5,2
11,3,3
10,3,0
29,11,0
94,3,1
30,1,0
14,6,0
20,14,0
46,2,3
8,1,0
20,9,1
57,2,1
22,1,2
17,2,0
40,2,0
26,7,0
23,1,0
14,5,0
33,13,1
17,8,0
14,9,3
36,3,3
52,13,3
41,0,0
2,6,0
9,3,3
3,10,2
41,4,0
20,4,0
34,5,1
0,6,3
37,15,1
1,10,3
3,4,2
10,8,3
17,3,3
42,6,0
12,4,2
19,4,2
27,5,1

[Solution]

45,6,1
33,0,2
1,8,2
18,5,1
21,5,3
59,1,0
11,9,0
43,14,2
2,6,0
16,5,0
46,6,2
55,15,2
0,2,2
8,11,1
56,5,0
51,0,2
1,12,2
34,2,3
43,9,1
37,4,0
27,3,2
43,2,2
27,1,0
18,1,0
4,7,0
11,8,3
31,2,2
14,5,0
10,1,2
2,7,2
16,10,2
3,13,0
23,9,1
30,1,1
6,5,0
1,14,0
1,10,1
41,4,0
25,1,1
7,3,2
5,3,1
16,1,2
57,13,2
6,7,2
4,16,0
0,0,0
32,8,3
23,0,1
55,3,1
38,4,0

[Solution]

4,1,1
11,0,1
6,6,2
158,3,3
194,3,0
151,1,0
151,2,3
163,1,1
122,0,2
30,5,1
2,5,0
11,3,1
38,0,2
10,4,3
28,0,3
50,0,0
18,0,0
49,4,1
34,0,0
41,2,0
45,2,0
77,0,0
110,3,0
103,5,1
108,0,0
144,5,1
83,0,3
106,1,0
116,2,3
105,1,0
117,0,1
177,3,3
166,3,2
186,3,3
201,3,0
163,2,0
144,4,0
174,0,3
187,1,3
153,3,3
181,2,2
124,3,0
112,1,0
155,1,3
168,0,3
197,1,0
200,0,2
155,4,0
189,3,2
167,4,0

[Solution]

109,5,2
13,5,0
18,0,2
18,5,1
35,0,3
67,0,0
1,10,3
47,1,1
7,3,0
102,5,0
34,6,2
64,3,0
28,10,0
29,11,0
56,5,0
129,0,3
117,0,1
54,4,2
44,8,3
41,1,0
2,5,1
39,4,0
58,1,0
15,1,0
16,4,3
11,8,3
75,3,1
20,5,0
10,1,0
48,2,0
44,2,3
22,0,0
2,3,2
89,1,2
70,0,3
99,3,2
2,11,2
41,4,0
21,4,1
3,5,2
8,3,2
67,1,3
120,2,0
5,5,3
6,10,0
5,3,1
36,8,1
35,2,3
106,4,0
53,9,0

[Solution]

66,5,1
52,3,0
5,6,0
18,5,1
28,1,3
58,3,1
1,10,3
48,1,2
13,1,2
102,5,0
16,9,3
51,3,1
31,4,0
29,11,0
56,5,0
24,2,0
14,6,1
45,3,1
44,8,0
34,3,2
2,9,2
88,3,0
64,1,1
19,1,2
47,0,1
11,8,3
35,1,0
20,5,0
6,1,0
79,1,0
10,10,0
22,0,0
37,10,1
23,1,0
70,0,3
7,1,0
1,4,1
4,4,1
29,2,1
2,4,3
3,5,1
56,1,2
51,13,2
5,5,3
5,10,0
24,7,0
31,8,0
37,0,0
25,3,2
53,9,0

[Solution]

57,6,1
0,3,2
17,6,0
48,7,0
8,8,0
19,16,0
32,3,0
24,7,0
30,3,0
28,5,0
20,7,1
55,15,2
5,3,0
23,11,1
33,6,0
10,6,1
4,7,0
6,2,3
44,8,2
4,1,2
25,0,1
21,11,3
59,0,0
25,1,0
46,2,0
32,7,0
29,1,0
0,1,0
33,13,1
9,6,1
15,10,3
2,2,3
18,0,0
7,1,2
7,5,0
3,8,0
0,10,2
37,6,1
15,1,3
2,13,2
22,5,1
37,2,3
3,4,1
6,6,2
12,9,2
7,10,0
43,8,1
12,4,2
41,1,1
3,5,0

[Solution]

57,6,1
0,3,0
23,6,0
36,7,2
44,1,3
1,12,3
26,3,0
25,8,0
3,3,3
28,5,0
44,7,1
45,15,0
2,1,3
29,11,0
48,6,0
51,0,3
22,4,2
37,1,0
44,8,3
31,4,0
21,2,3
37,3,2
28,1,0
3,4,2
47,0,1
11,11,0
56,13,3
6,1,1
33,13,1
5,5,1
23,7,0
35,0,2
52,13,3
11,3,1
62,11,2
1,14,1
14,2,0
37,6,0
15,1,3
8,3,3
1,0,2
37,15,0
0,14,3
15,5,2
4,16,3
7,10,0
17,6,0
8,18,1
38,7,0
4,10,0

[Solution]

67,6,1
90,1,2
37,7,0
31,3,0
27,1,1
39,1,0
44,3,0
68,7,0
77,1,2
8,5,0
12,9,0
47,9,2
6,4,2
3,12,1
71,5,0
99,5,1
28,2,1
20,14,1
100,4,0
40,3,0
0,12,2
45,4,1
41,0,2
16,1,0
16,4,3
42,10,0
58,2,2
51,1,1
13,1,1
85,2,0
24,6,0
67,1,0
30,7,3
5,2,2
18,11,1
41,11,0
35,4,2
24,4,3
24,2,3
30,3,2
50,4,1
23,1,2
116,3,1
74,4,1
55,3,1
48,1,2
84,0,2
62,9,1
0,4,2
48,10,0

[Solution]

10,6,3
20,5,0
37,7,0
18,7,3
34,0,3
5,2,1
52,2,0
60,5,0
4,5,2
33,4,3
49,7,2
42,9,0
0,3,0
23,11,0
49,6,3
11,2,3
14,7,1
20,14,0
24,2,2
51,2,1
3,12,1
26,4,1
41,0,2
20,0,0
9,3,0
54,8,1
18,2,0
57,0,0
15,1,3
28,9,1
0,9,2
10,10,2
6,0,0
3,3,3
38,2,2
41,11,0
5,5,2
3,6,0
15,3,0
49,4,0
44,4,0
23,2,3
116,3,1
70,4,2
64,5,0
52,1,2
44,5,0
62,9,2
63,3,0
59,9,2

[Solution]

57,6,1
9,3,2
33,6,2
18,5,1
30,2,0
19,16,0
32,3,0
0,1,3
36,5,1
14,6,3
46,6,2
55,15,2
3,1,3
5,10,0
39,6,3
9,0,3
3,5,0
6,0,2
26,4,3
47,1,2
14,2,1
21,11,3
56,1,3
29,1,3
48,0,3
53,9,0
43,3,1
7,1,0
42,6,0
4,8,3
16,10,2
6,9,0
27,0,3
19,4,1
30,4,2
3,9,3
2,11,2
44,4,0
25,1,1
10,3,3
22,5,1
4,4,0
57,13,2
40,1,1
11,10,0
1,12,3
0,3,0
14,0,1
34,2,1
19,0,0

[Solution]

67,6,1
13,5,0
37,7,0
4,6,0
33,1,1
4,2,3
52,2,2
111,2,0
3,3,0
40,5,0
16,9,3
47,9,2
34,10,2
91,1,2
101,3,1
99,5,1
117,0,1
20,14,1
36,3,0
5,9,0
3,12,1
45,4,1
41,0,2
16,1,0
16,4,3
61,12,1
58,2,2
62,2,0
13,1,1
85,2,0
24,6,0
67,1,0
9,1,0
5,2,2
70,0,3
0,3,1
8,4,2
24,4,3
21,3,3
30,3,1
50,4,1
27,1,2
116,3,1
74,4,1
12,10,0
37,8,0
86,5,3
62,9,2
0,4,2
59,9,2

[Solution]

61,4,0
90,1,2
1,8,0
31,3,1
1,10,2
39,1,0
27,4,3
74,7,1
77,1,2
8,5,0
44,0,1
17,3,1
6,4,2
3,12,1
76,6,0
9,0,3
28,2,1
75,3,3
100,4,0
52,3,0
16,7,0
43,5,1
14,0,0
20,0,0
40,4,0
42,10,0
12,2,0
57,1,0
13,1,0
34,9,1
4,10,0
0,10,1
30,7,3
38,3,0
18,11,1
41,11,0
47,4,0
18,8,2
24,2,0
3,5,0
24,6,1
72,12,2
22,4,1
19,6,0
55,3,1
48,1,2
84,0,2
39,6,0
66,4,3
48,10,0

[Solution]

56,6,2
7,3,0
36,3,0
21,10,3
48,2,0
20,16,0
36,0,0
8,4,2
59,1,1
0,0,0
6,1,2
16,15,1
18,2,1
36,13,0
42,6,0
24,16,0
8,13,1
28,10,0
3,7,1
15,8,3
47,18,3
45,13,2
55,11,0
53,14,1
11,16,2
26,13,0
67,1,2
13,3,0
27,13,0
48,3,0
1,12,0
20,18,0
19,2,1
54,11,3
59,17,0
7,11,3
22,2,1
13,10,0
4,17,1
44,8,1
42,4,0
32,15,2
2,14,3
22,4,2
4,16,0
23,3,1
25,3,0
17,4,0
43,3,3
33,5,2

[Solution]

19,1,1
1,3,2
15,0,2
18,5,3
35,2,3
43,1,1
1,10,3
8,4,0
16,2,2
29,4,1
46,6,2
20,12,3
2,11,2
5,10,0
12,2,0
9,0,3
21,0,1
4,6,0
56,0,0
47,1,0
24,2,1
0,7,2
50,8,2
35,1,0
1,9,1
0,9,0
18,1,2
11,2,3
24,0,1
24,6,0
5,3,0
12,6,3
24,10,1
18,13,0
8,15,1
12,13,3
28,4,2
17,5,2
2,3,0
7,4,2
0,0,1
9,6,3
31,4,0
3,5,0
33,0,2
15,1,2
4,2,3
27,1,3
15,7,2
29,1,3

[Solution]

0,4,1
47,0,2
1,8,0
18,6,3
3,10,1
45,1,1
2,3,1
49,2,0
5,5,2
8,5,0
26,7,0
17,3,1
6,4,2
23,11,0
76,6,0
9,0,3
14,7,1
75,3,3
1,1,0
52,3,0
22,7,2
53,3,1
56,1,0
20,0,0
46,4,2
41,9,1
24,2,2
63,1,0
15,0,1
34,9,1
5,10,0
10,10,2
30,7,3
44,3,0
38,2,2
41,11,0
9,4,2
4,5,0
3,2,0
4,4,1
20,3,1
6,3,1
22,4,1
29,6,0
66,6,0
16,2,3
84,0,2
39,6,0
66,4,3
48,10,0

[Solution]

97,5,2
29,0,2
100,0,3
3,8,3
71,2,0
0,12,1
0,4,3
55,7,1
25,2,1
40,4,0
49,7,0
71,4,1
9,2,2
7,3,1
48,7,3
0,1,3
11,6,1
38,1,2
18,1,0
52,3,1
76,0,1
50,4,1
58,6,2
23,1,0
46,4,2
12,12,0
6,1,0
69,1,0
3,1,2
0,8,2
29,7,3
8,5,3
3,3,2
101,0,1
19,8,2
56,10,1
14,5,2
26,5,1
65,2,1
5,3,1
15,5,2
108,3,2
17,3,2
44,5,0
58,1,3
52,1,2
66,0,2
52,8,0
26,4,1
37,3,0

[Solution]

67,6,1
20,5,1
37,7,0
4,6,0
33,1,1
5,2,1
52,2,2
111,2,0
3,3,0
40,5,0
16,9,3
48,9,1
34,10,2
70,0,0
114,3,3
99,5,1
132,1,1
20,14,0
30,3,3
5,9,0
3,12,1
45,4,1
41,0,2
16,1,2
14,3,3
61,12,1
55,1,2
62,2,1
19,1,2
77,4,2
29,7,2
67,1,0
6,0,0
4,3,3
56,0,3
0,3,1
10,5,2
25,4,0
21,3,3
31,4,2
50,4,1
28,1,2
116,3,1
74,4,1
12,10,0
37,8,0
52,6,3
62,9,2
0,4,2
59,9,2

[Solution]

67,6,1
60,3,0
31,1,0
2,5,0
39,1,1
2,2,3
45,2,0
15,2,2
3,3,0
40,5,0
11,9,2
9,7,2
34,10,2
28,11,2
68,4,2
51,0,3
60,4,0
20,14,0
0,8,1
5,9,0
3,12,1
45,4,1
44,1,1
16,1,2
14,3,3
61,12,1
57,0,0
20,5,0
10,1,0
0,7,2
29,7,3
6,11,1
7,0,0
19,3,1
0,13,0
7,3,0
10,5,2
24,5,0
21,3,3
31,4,2
50,4,1
28,1,2
8,1,2
61,6,2
12,10,0
37,8,0
52,6,3
62,9,2
52,2,2
59,9,2

[Solution]

11,7,1
93,7,1
100,2,3
22,8,0
77,2,2
95,3,1
1,4,0
8,1,3
26,3,1
16,4,3
85,1,1
10,13,3
0,9,0
16,8,0
50,4,0
56,3,3
17,7,3
10,0,2
18,1,0
0,4,0
33,4,0
39,6,1
58,6,2
19,1,0
46,4,2
48,10,1
24,1,0
14,2,2
3,1,2
30,1,3
74,0,0
6,10,0
51,2,1
54,13,0
10,4,2
5,5,1
41,3,2
28,5,0
65,2,0
94,0,1
24,0,0
106,3,1
37,4,2
1,6,2
42,3,1
60,1,0
66,0,2
48,3,2
26,4,3
68,13,2

[Solution]

198,0,1
174,5,3
161,1,0
167,4,0
110,2,1
66,1,1
122,0,0
26,1,1
129,3,0
139,4,0
157,5,1
130,0,2
196,6,0
171,3,3
194,4,2
143,2,0
205,3,1
166,1,0
195,2,0
37,4,0
6,2,3
0,2,1
76,2,3
67,3,1
60,0,0
36,8,1
28,6,0
82,7,1
93,1,0
58,4,2
175,3,2
180,4,1
186,4,0
200,4,3
204,3,0
193,4,0
178,4,3
185,0,1
141,2,1
157,0,2
162,4,0
153,1,2
149,3,1
120,5,0
185,1,2
202,3,1
178,0,3
190,3,0
145,1,1
183,3,0

[Solution]

10,3,1
47,0,2
100,0,3
31,2,2
77,2,2
82,0,2
1,4,0
49,2,0
26,3,1
18,0,3
27,7,0
63,6,3
9,4,0
7,3,1
48,7,3
2,0,3
17,7,3
88,2,3
18,1,0
52,3,1
31,4,1
35,1,2
58,6,2
19,1,0
46,4,2
12,2,0
24,1,0
69,1,0
3,1,2
33,0,0
74,0,0
0,6,3
51,2,1
101,0,1
43,3,0
56,10,1
41,3,2
26,5,0
65,2,1
96,0,2
24,0,0
106,3,1
37,4,2
40,6,1
60,0,3
58,1,2
66,0,2
48,3,0
26,4,1
55,3,3

[Solution]

5,4,1
47,0,2
100,0,3
18,6,3
77,2,2
82,0,0
8,1,3
49,2,0
24,3,1
18,0,3
26,7,0
10,13,3
6,4,2
50,4,0
48,7,3
13,1,0
33,2,1
75,3,3
9,1,0
65,7,0
31,4,1
8,6,1
57,1,1
19,1,3
21,4,0
12,2,0
30,0,0
69,1,0
4,1,2
33,0,0
4,5,0
0,6,3
35,3,1
101,0,1
43,3,2
3,9,0
29,3,1
15,5,0
13,13,3
25,4,1
27,4,1
1,0,3
37,4,2
35,6,2
60,0,3
40,1,3
66,0,2
37,0,3
20,5,1
54,3,2

[Solution]

96,2,2
39,8,1
107,6,3
61,6,2
106,1,1
60,2,0
18,4,0
22,5,3
0,2,2
46,5,2
4,0,2
43,0,0
26,1,2
13,3,3
57,9,3
42,2,3
56,3,3
2,10,1
64,10,0
106,12,0
81,11,3
92,10,3
98,12,3
92,16,0
122,14,2
89,11,0
129,13,0
114,9,1
95,12,2
154,12,0
123,11,0
88,11,1
159,12,1
164,3,1
106,6,0
14,2,1
11,0,1
28,1,0
29,1,0
16,4,3
73,1,1
65,0,3
1,3,1
54,5,0
108,5,0
9,11,2
19,9,0
17,10,0
24,10,2
3,9,1

[Solution]

67,6,1
11,3,0
31,1,0
2,5,0
45,1,1
0,11,1
32,3,0
55,8,3
3,3,0
40,5,0
49,7,0
10,13,1
24,2,1
29,11,2
68,4,2
51,0,3
60,4,0
20,14,0
50,8,1
5,9,0
3,11,0
52,4,1
34,1,0
94,1,2
44,2,0
14,13,0
55,13,3
20,5,0
0,2,0
0,8,2
29,7,3
36,0,0
62,14,1
25,3,3
5,14,3
24,11,0
14,5,0
37,6,0
22,1,3
15,4,2
27,5,0
19,1,2
9,0,2
30,5,2
18,10,2
7,9,0
49,8,2
62,9,1
53,2,2
11,5,0

[Solution]

67,6,1
66,3,3
41,2,0
2,5,0
31,2,0
2,2,3
45,2,0
19,2,1
6,6,3
40,5,0
11,9,2
9,7,2
34,10,2
29,11,0
78,2,0
11,3,0
112,1,1
21,9,1
0,9,1
39,2,3
3,12,1
63,3,0
50,1,1
16,1,2
14,0,1
51,2,0
57,0,0
61,1,1
11,1,0
0,7,2
121,1,3
7,11,3
3,2,1
54,12,0
0,13,0
16,3,0
1,2,1
24,5,0
21,1,3
59,10,0
50,4,1
28,1,2
10,0,3
61,6,2
43,0,0
18,9,3
52,6,3
23,5,0
12,12,2
48,10,2

[Solution]

10,3,1
47,0,2
100,0,3
31,2,2
77,2,2
82,0,2
1,4,0
49,2,0
26,3,1
18,0,3
27,7,0
65,7,3
9,4,0
7,3,1
48,7,3
2,0,3
17,7,3
75,3,3
18,1,0
52,3,1
31,4,1
36,2,2
58,6,2
19,1,3
46,4,2
12,2,0
30,0,0
69,1,0
4,1,2
33,0,0
74,0,0
0,6,3
51,2,1
101,0,1
43,3,0
56,10,1
41,3,2
26,5,0
65,2,1
96,0,2
24,0,0
1,0,3
37,4,2
40,6,1
60,0,3
58,1,2
66,0,2
56,2,0
26,4,1
55,3,3

[Solution]

39,4,2
3,3,3
38,1,0
13,9,0
0,11,2
32,16,3
39,2,0
29,2,0
8,3,2
24,4,1
27,4,2
0,6,1
13,4,3
3,10,3
8,2,3
0,3,0
31,2,2
23,2,3
40,7,0
13,1,0
12,8,1
4,7,1
59,0,2
1,4,3
49,0,1
9,10,0
55,13,3
3,5,1
54,9,2
63,4,2
36,7,1
58,5,0
62,14,1
17,3,3
37,0,2
10,4,0
12,4,2
43,6,0
33,13,0
47,10,2
20,2,1
50,6,2
7,0,0
7,7,2
45,1,2
6,1,2
50,9,2
22,5,0
48,3,0
54,3,1

[Solution]

57,6,2
11,3,0
37,1,1
22,9,1
45,1,1
32,16,3
39,2,0
29,2,0
74,2,2
21,4,1
34,9,0
10,13,1
27,11,3
8,14,1
68,4,0
51,0,3
38,1,1
21,14,0
50,8,2
5,9,0
12,8,1
80,5,2
34,1,0
94,1,2
47,2,2
14,13,0
55,13,3
26,5,1
0,2,0
0,4,1
29,7,0
2,6,0
62,14,1
21,3,3
7,0,2
24,11,0
79,0,2
43,6,0
1,8,0
15,4,2
27,5,1
19,1,2
59,10,0
33,5,2
121,8,0
1,1,0
50,9,2
62,9,1
41,17,0
3,11,0

[Solution]

10,3,1
47,0,2
100,0,3
29,3,1
63,0,1
82,0,0
8,4,3
49,2,0
38,3,2
18,0,3
28,1,2
65,7,3
9,4,0
7,3,1
51,7,0
2,0,3
17,7,1
75,3,3
18,1,0
52,3,1
31,4,1
39,2,1
58,6,2
19,1,3
46,2,2
12,2,0
44,0,0
69,1,0
4,1,2
33,0,0
74,0,0
0,6,3
51,2,1
101,0,1
53,3,2
56,10,1
41,3,2
21,5,2
62,3,1
96,0,2
27,1,0
1,0,3
37,4,2
40,6,0
60,0,3
64,1,3
65,0,3
56,2,0
36,1,1
53,1,0

[Solution]

0,0,2
3,8,3
38,1,0
28,8,0
0,11,2
1,4,3
46,3,2
12,2,0
9,3,0
28,5,1
20,9,2
1,6,1
15,3,0
3,10,2
8,2,3
0,4,1
49,2,1
23,2,3
46,7,1
13,1,0
39,6,2
8,7,1
59,0,2
11,1,3
49,0,1
13,10,1
35,1,0
15,5,0
5,7,1
33,6,1
32,6,0
21,3,1
62,14,1
17,3,3
11,5,3
10,4,0
25,5,1
44,6,0
7,14,1
53,10,0
20,2,1
13,13,2
2,3,3
7,7,2
43,0,0
1,1,0
1,14,1
14,12,0
6,4,1
54,3,1

[Solution]

78,6,1
11,3,2
19,0,3
17,3,0
0,11,2
13,1,0
56,2,0
72,1,3
7,6,1
3,9,2
14,9,0
15,7,2
76,5,1
18,8,0
43,3,0
0,4,1
32,3,2
18,9,2
0,9,1
5,9,0
40,6,2
69,5,1
28,2,1
53,8,3
12,2,1
2,0,3
55,13,3
17,1,3
13,0,1
36,1,3
10,11,3
6,10,0
0,1,0
48,1,2
10,4,2
31,11,3
38,4,1
28,5,0
6,2,3
26,5,1
35,4,1
1,13,0
22,4,1
45,5,2
43,0,0
3,3,3
52,6,2
1,7,1
9,4,0
54,3,1

[Solution]

38,2,0
31,1,3
114,1,2
70,3,2
42,2,1
0,4,1
21,1,3
30,2,0
30,5,2
43,4,1
47,5,3
29,2,1
61,2,1
54,3,1
8,4,2
59,3,0
6,6,2
53,10,3
85,8,0
71,6,0
77,4,1
90,9,3
33,11,1
61,10,3
55,8,0
66,7,0
79,10,1
96,2,0
46,7,0
56,10,2
74,8,0
89,5,1
91,3,0
0,7,2
9,4,0
1,3,1
12,2,1
0,8,1
78,5,0
81,3,3
36,5,1
26,1,3
36,0,0
65,5,0
48,3,1
44,10,0
76,10,3
63,8,0
64,8,0
58,10,0

[Solution]

35,6,1
0,9,3
37,1,0
7,2,2
0,11,2
19,5,1
14,3,3
16,0,2
5,3,3
30,2,3
38,7,2
0,5,1
15,4,2
1,3,1
1,7,0
5,4,3
12,4,3
31,2,3
44,1,0
29,1,3
39,6,2
20,7,1
9,1,3
21,2,3
18,0,1
42,3,0
22,4,0
18,1,0
5,7,1
45,4,0
39,1,0
2,4,1
16,3,0
22,0,1
0,10,3
25,2,3
32,4,3
21,6,0
3,3,0
23,5,2
20,2,1
10,7,0
36,0,0
52,4,1
67,3,0
3,4,3
35,1,3
0,1,0
26,3,0
54,3,1

[Solution]

12,6,1
82,0,3
15,1,1
3,8,3
19,2,0
10,1,0
33,6,1
15,4,3
88,1,2
95,0,0
55,1,1
70,3,3
93,5,1
62,3,1
79,2,0
4,6,1
48,7,2
12,3,1
76,9,1
65,7,0
22,5,1
53,6,1
57,1,0
68,2,3
3,1,3
16,3,1
0,1,0
5,2,1
27,0,1
23,8,0
7,6,2
0,10,1
21,4,1
5,6,3
80,4,1
22,1,3
10,8,3
8,0,3
16,1,0
37,0,2
14,5,3
29,2,0
58,3,0
42,1,3
3,3,2
41,3,3
1,4,3
21,13,2
22,3,3
73,5,0

[Solution]

98,0,1
87,2,2
4,0,3
2,5,3
48,2,1
61,2,1
41,3,1
55,8,3
84,0,2
48,4,0
39,0,2
22,5,2
34,2,1
53,0,0
80,2,3
50,2,3
66,4,0
33,0,2
65,3,2
36,0,3
20,2,0
7,4,0
28,1,2
31,1,0
8,3,2
77,0,1
68,2,0
90,0,0
82,1,0
100,5,2
120,1,3
74,2,3
94,2,0
79,1,0
92,3,2
109,8,3
85,0,2
69,5,2
17,0,1
22,4,3
37,5,0
3,1,2
66,10,2
108,6,0
52,5,1
116,3,2
19,10,2
7,9,2
103,0,2
36,2,3

[Solution]

47,6,3
3,7,2
37,1,0
4,3,2
94,0,1
25,4,2
14,3,3
16,0,2
0,0,2
9,4,2
30,5,0
2,5,2
15,4,2
60,3,1
8,5,2
54,2,0
12,4,3
33,3,3
44,1,0
15,2,0
26,5,1
20,7,3
7,2,0
63,0,3
36,1,0
42,3,0
31,4,1
18,1,0
1,8,0
51,4,2
41,1,0
17,3,1
8,6,0
0,8,1
2,9,0
106,2,1
1,10,2
66,8,1
37,5,1
10,3,3
7,5,1
28,3,1
36,0,0
40,5,0
81,3,1
21,1,0
35,1,3
13,1,0
34,3,0
97,3,2

[Solution]

2,10,2
17,2,1
11,1,1
21,5,3
19,4,2
1,4,1
33,6,1
61,2,0
34,6,2
36,8,0
20,5,0
0,6,3
6,5,2
4,13,0
51,4,1
3,6,0
3,4,2
29,3,1
2,5,0
12,0,3
24,5,1
0,7,1
7,1,1
30,6,1
21,2,0
41,2,2
35,2,0
28,8,0
10,1,0
17,5,3
7,7,0
50,3,1
5,3,0
12,1,2
8,5,3
25,6,2
10,8,1
1,9,1
73,0,2
24,0,2
40,4,3
45,5,3
2,3,1
39,0,2
6,0,2
30,12,2
32,1,0
21,13,2
57,3,1
24,3,2

[Solution]

70,6,3
94,5,0
33,1,1
15,5,0
12,2,0
1,1,1
34,3,1
0,7,0
29,6,1
44,7,2
13,8,0
6,4,2
19,2,2
8,12,0
1,8,0
99,1,3
75,5,0
21,9,0
4,5,3
5,9,0
88,2,1
8,2,0
37,2,2
29,3,1
21,2,0
7,0,3
48,9,1
74,0,0
16,1,0
24,0,1
74,13,2
49,3,1
0,13,0
54,13,0
12,12,0
38,2,0
5,6,2
15,8,1
36,15,2
53,4,2
46,4,0
72,13,2
80,5,0
24,8,0
42,8,3
29,11,2
44,1,2
6,9,1
61,3,1
33,4,0

[Solution]

57,6,3
60,3,0
22,1,3
12,4,3
68,3,0
25,3,3
62,0,3
28,2,2
0,0,3
42,4,3
29,10,2
4,1,2
4,10,2
15,12,1
7,8,0
40,0,3
44,1,1
19,7,0
23,4,0
6,4,2
1,10,2
46,6,1
21,1,3
30,4,3
3,5,2
32,2,0
49,13,0
9,4,3
1,4,1
30,1,0
22,3,0
48,3,1
27,3,3
19,0,2
37,3,1
24,10,0
29,7,2
0,10,0
54,0,3
42,10,3
66,4,3
39,0,3
28,6,3
15,1,3
0,1,0
15,4,0
31,2,3
4,7,2
5,3,3
14,3,2

[Solution]

90,6,0
94,5,0
35,1,0
4,3,0
6,2,0
4,1,0
31,3,0
0,7,0
0,0,3
21,2,0
38,7,3
82,8,1
75,6,2
33,11,2
57,0,0
100,2,1
14,6,0
18,9,1
8,1,0
0,16,0
88,2,1
38,0,1
29,0,0
40,0,0
50,3,0
56,9,2
49,13,0
0,2,0
54,7,2
23,12,1
71,8,2
56,4,0
2,13,2
2,3,1
15,15,0
43,2,0
6,5,1
28,1,1
19,1,0
56,13,1
12,4,0
12,7,0
89,1,2
26,8,0
46,9,3
24,11,0
13,1,2
29,4,1
11,7,1
6,14,0

[Solution]

17,7,0
17,3,0
16,1,1
28,4,0
32,1,2
1,4,1
33,6,1
33,0,2
65,0,3
7,1,0
34,5,0
1,10,1
6,5,2
33,7,0
56,4,2
4,6,1
22,1,1
18,3,1
16,6,2
12,0,3
40,6,2
19,3,1
59,0,3
34,6,0
24,2,1
41,2,2
19,0,0
10,0,3
1,1,0
17,5,3
7,7,0
3,9,3
8,3,2
12,1,2
15,15,0
25,6,2
10,8,1
41,4,3
0,4,2
26,0,2
20,4,3
45,5,3
3,3,1
42,1,3
0,0,3
30,12,2
2,4,1
21,13,2
38,3,0
60,3,1

[Solution]

52,2,0
33,0,2
16,1,1
44,3,2
32,2,0
1,2,3
35,3,1
76,1,3
45,5,3
3,1,0
11,5,0
58,0,0
91,0,1
82,0,2
85,2,0
20,1,0
47,0,0
13,3,3
42,0,1
27,0,1
62,2,0
58,6,2
92,2,1
68,2,3
109,0,3
77,0,3
99,0,1
70,2,0
89,2,0
63,4,2
79,2,0
23,3,1
10,5,3
0,3,3
7,3,2
28,2,1
3,4,1
24,1,0
36,2,2
28,5,1
8,2,1
15,1,3
12,0,3
38,0,2
31,0,3
83,3,2
74,0,3
104,0,0
65,3,2
71,0,0

[Solution]

10,9,0
27,1,3
13,1,0
24,6,3
57,2,1
5,0,2
26,5,1
0,6,3
16,8,2
9,6,0
17,5,0
23,3,3
52,6,3
3,1,0
31,4,0
21,8,1
20,4,3
7,8,0
20,5,0
0,2,3
16,4,2
13,5,1
49,1,1
6,3,3
25,2,2
31,2,2
10,11,1
3,14,0
20,0,3
22,8,2
11,4,0
30,5,1
42,3,1
0,8,2
20,7,2
50,1,0
2,9,2
44,16,1
5,11,2
0,4,2
15,3,1
38,1,2
3,3,2
8,1,2
0,0,0
28,2,3
1,9,3
11,16,2
0,12,2
13,4,1

[Solution]

1,8,1
13,3,1
11,10,0
37,3,0
0,7,2
32,16,3
28,15,0
23,2,2
55,7,3
42,1,0
34,12,0
35,0,0
15,3,0
25,3,3
8,2,3
26,8,3
45,18,3
18,3,3
26,5,0
2,16,3
3,2,3
17,4,0
37,0,0
5,16,0
29,0,3
48,10,3
24,16,0
14,11,1
39,17,3
52,11,0
12,5,0
24,5,1
0,4,0
13,6,2
76,10,0
35,7,1
34,14,0
38,16,2
5,11,1
39,6,1
14,13,2
30,4,3
3,3,2
51,7,0
0,13,3
23,9,2
7,9,0
11,16,2
48,3,0
33,10,3

[Solution]

19,4,1
0,3,0
46,1,3
37,3,1
0,15,0
3,11,0
0,4,0
53,3,1
55,7,3
43,6,2
42,10,2
83,8,3
4,3,0
34,11,3
26,17,1
13,7,0
45,18,2
20,10,1
48,8,1
0,16,3
2,6,1
12,0,0
23,17,2
61,10,1
15,1,0
14,13,0
45,15,3
36,5,0
60,9,0
0,9,1
29,9,0
52,4,0
62,14,0
9,5,3
9,15,1
51,1,3
5,6,2
33,4,1
7,14,0
77,6,3
34,17,2
60,4,0
2,3,1
12,7,2
25,12,0
30,11,0
17,9,1
7,6,2
30,4,0
17,13,2

[Solution]

29,6,3
11,6,1
7,1,0
34,14,0
0,15,0
32,16,3
3,7,0
13,8,1
51,17,0
14,10,0
17,5,0
21,5,0
16,3,0
1,11,1
7,4,2
26,5,1
24,3,1
2,10,3
17,6,0
7,10,2
56,3,0
33,6,1
37,0,0
6,10,3
14,5,1
48,10,3
13,1,0
3,14,0
26,2,1
16,16,1
5,4,0
30,5,1
42,4,3
18,10,0
23,5,2
28,15,0
9,8,1
25,0,3
5,11,0
16,6,1
14,13,1
20,4,1
2,3,1
38,8,0
35,12,1
24,9,0
0,9,3
59,3,2
40,10,3
31,7,1

[Solution]

5,7,2
3,0,3
55,1,0
29,13,2
4,14,1
32,16,3
9,4,1
15,6,0
55,7,3
42,1,0
41,9,2
34,0,0
60,7,0
10,11,3
25,15,3
0,4,1
55,17,2
31,10,1
19,14,0
8,17,3
8,3,2
13,1,1
23,17,2
48,11,1
20,0,3
22,10,0
45,15,3
2,8,2
3,2,0
0,10,1
1,2,0
54,11,3
62,14,1
4,2,2
0,16,0
37,3,2
3,8,2
27,4,0
7,14,0
2,3,2
11,17,3
15,15,2
7,3,2
11,6,0
3,12,0
51,5,0
17,9,1
2,16,0
19,3,3
33,10,1

[Solution]

19,4,1
5,3,2
7,11,0
37,3,0
10,14,2
3,11,0
0,4,0
0,3,0
55,7,3
39,7,3
48,10,0
34,0,0
69,7,3
3,8,0
26,17,1
13,7,0
45,18,2
53,10,2
13,18,2
7,17,3
2,5,1
12,0,0
23,17,2
61,10,1
38,0,3
22,13,2
45,15,3
67,8,3
14,2,0
57,14,0
29,9,0
47,12,1
28,4,0
13,4,0
76,10,0
36,7,2
34,14,0
33,4,0
7,14,0
23,3,0
17,17,2
3,16,1
6,9,3
42,8,0
31,12,0
58,5,0
94,10,0
7,6,2
25,3,3
18,13,3

[Solution]

1,8,1
1,2,3
13,1,0
34,14,0
4,7,2
32,16,3
12,4,0
6,7,3
16,8,2
42,1,0
17,5,0
35,0,0
52,6,3
5,5,3
3,0,0
21,8,1
23,6,1
31,10,0
26,5,0
2,16,0
22,3,2
20,4,1
37,0,0
9,16,1
19,9,0
48,10,3
5,12,0
3,14,0
39,17,0
52,11,0
12,5,0
30,5,1
10,4,1
0,8,1
9,3,0
50,1,0
9,8,1
44,16,1
5,11,0
0,5,2
14,13,1
26,4,3
3,3,2
38,8,0
35,12,1
24,9,0
13,9,1
11,16,2
21,3,0
31,7,1

[Solution]

29,6,3
11,6,0
1,2,2
12,3,1
0,15,0
32,16,0
1,8,0
27,9,0
51,17,0
14,10,0
36,8,3
21,5,0
34,3,2
10,6,1
19,1,0
24,5,3
6,4,1
2,9,0
11,12,2
7,10,2
62,3,3
8,3,1
37,0,0
6,10,3
14,5,1
13,6,1
13,1,0
8,1,0
26,2,0
16,16,1
5,4,0
54,1,2
70,13,3
31,10,3
4,17,0
29,15,3
41,4,3
4,0,0
20,1,0
33,1,2
22,14,3
67,3,0
29,9,3
25,3,2
45,4,0
1,6,0
13,14,2
3,1,3
40,10,3
3,15,3

[Solution]

94,7,1
99,7,0
104,0,0
13,0,3
36,2,0
64,0,0
135,3,0
92,1,1
124,4,0
139,0,0
21,5,0
30,3,3
75,6,3
58,4,1
79,6,0
102,2,1
85,2,0
153,3,0
95,0,3
101,0,1
88,2,1
69,2,2
55,1,3
69,1,0
46,0,1
65,4,1
79,5,2
91,8,0
60,2,2
106,6,2
71,8,2
50,6,3
18,9,0
7,10,0
63,9,1
64,6,3
57,5,0
97,5,0
128,2,0
41,0,2
108,6,1
157,2,0
96,3,3
110,1,2
89,3,0
146,4,0
126,0,3
125,1,0
99,3,0
113,3,2

[Solution]

30,1,1
43,2,2
8,1,0
13,3,0
19,4,2
32,16,0
0,7,1
50,1,2
41,8,0
3,7,0
20,9,2
29,3,0
3,1,2
0,15,1
15,5,3
26,7,0
12,1,2
1,13,1
46,1,0
0,11,0
16,9,2
8,7,1
40,0,2
28,18,2
48,15,1
11,6,1
10,1,0
8,5,0
42,15,0
45,1,0
1,18,1
48,3,1
9,4,2
1,5,1
37,5,0
28,10,3
9,8,2
42,1,0
32,1,0
5,3,3
51,4,3
22,1,3
2,2,3
11,0,2
21,5,0
0,9,0
7,14,2
0,0,0
2,12,2
20,8,1

[Solution]

0,6,1
12,10,1
7,1,0
15,3,0
0,15,0
32,16,0
20,15,1
18,7,1
21,8,1
48,1,0
5,18,1
35,0,0
2,2,3
7,6,2
7,7,3
1,3,1
6,0,1
5,13,0
11,12,2
7,10,2
63,3,1
5,5,2
24,17,0
30,18,2
19,9,0
18,14,2
28,1,3
3,14,0
39,17,3
47,14,0
24,5,2
35,5,3
21,4,0
1,7,1
9,3,0
42,1,3
9,8,1
7,4,1
20,2,0
3,6,0
22,14,3
14,14,0
30,9,0
48,15,0
9,17,0
25,7,0
13,14,2
18,18,3
48,4,1
7,17,3

[Solution]

55,4,0
40,3,1
119,16,3
54,12,0
21,2,3
0,6,1
2,3,0
4,7,1
25,5,0
9,16,2
110,4,1
51,6,0
39,1,1
110,1,0
91,8,1
72,11,0
67,12,1
123,6,3
14,1,0
63,10,3
31,2,1
99,9,1
53,9,1
112,7,0
1,4,1
16,13,0
0,2,2
12,5,2
78,10,0
105,11,3
60,4,3
22,5,2
50,0,0
70,12,3
3,11,0
133,14,0
13,8,0
37,11,0
60,0,2
77,6,3
128,2,1
107,16,0
9,9,2
44,0,3
83,2,3
56,2,2
16,2,3
127,16,2
66,0,1
25,12,2

[Solution]

100,3,0
27,2,1
29,7,0
49,2,3
21,2,3
7,5,2
21,3,3
0,8,3
33,14,1
10,15,3
49,12,2
83,8,2
26,10,3
32,1,0
57,0,0
123,8,3
67,12,1
36,8,1
48,8,1
63,10,3
11,11,2
79,9,0
54,8,1
112,7,3
36,4,1
26,3,1
130,3,0
41,4,3
60,9,0
116,1,1
97,0,1
2,12,0
101,0,0
70,12,2
11,3,3
38,0,0
5,6,2
0,7,2
66,0,1
77,6,3
22,16,0
64,2,2
9,9,2
44,8,1
89,0,0
71,2,0
13,1,0
127,16,1
87,14,2
25,12,2

[Solution]

55,4,0
33,2,1
114,16,3
54,12,0
107,6,0
0,6,3
8,3,0
3,6,0
27,5,0
32,6,0
109,7,1
51,6,0
39,1,1
42,3,3
56,3,1
22,14,2
67,12,1
3,2,0
74,0,0
63,10,3
14,12,0
94,8,1
53,9,1
112,7,3
33,5,2
16,13,0
129,5,0
14,5,0
78,10,0
2,0,1
60,4,3
22,5,3
50,0,0
70,12,3
3,11,0
19,1,3
115,10,1
46,5,1
130,9,0
85,6,2
128,2,1
107,16,0
35,5,0
43,8,2
83,2,3
56,2,2
16,2,3
127,16,2
47,1,1
25,12,2

[Solution]

121,6,0
14,1,1
7,11,0
66,12,0
3,0,1
8,0,0
18,4,1
22,9,0
5,8,3
106,12,1
45,11,2
63,8,0
69,7,3
110,1,0
18,8,2
27,8,3
103,6,1
55,9,0
70,1,0
28,16,0
67,18,3
35,13,2
34,18,0
78,0,3
57,17,2
85,16,0
0,17,0
40,17,3
33,17,0
57,14,0
72,16,0
10,12,0
10,18,1
136,6,2
95,16,0
34,2,0
102,18,3
0,6,1
106,17,1
48,13,2
23,17,0
4,16,0
14,10,2
44,8,1
31,12,0
32,15,0
94,10,0
116,15,2
30,3,0
18,13,3

[Solution]

55,4,0
68,16,1
52,16,0
117,6,0
148,1,2
0,6,1
142,16,1
3,7,1
9,1,2
9,16,2
45,12,0
51,6,0
126,1,3
110,1,0
30,17,1
100,7,0
45,18,2
123,6,3
151,5,1
32,3,0
12,13,2
97,9,0
53,9,1
75,17,0
42,7,3
22,13,2
95,14,2
43,4,0
60,9,0
32,5,0
60,4,3
2,12,0
135,5,2
69,11,0
11,5,1
25,8,0
115,10,1
44,12,3
130,9,2
83,8,0
114,7,3
47,12,3
9,9,2
124,18,1
83,2,3
56,2,2
18,1,0
127,4,0
29,0,1
78,6,3

[Solution]

21,8,0
24,4,1
84,2,2
7,7,0
120,1,3
90,1,1
32,5,0
20,10,3
47,8,1
4,10,3
29,5,2
12,0,2
21,3,1
33,1,0
69,11,2
40,14,2
1,18,2
43,10,1
25,7,0
22,16,1
16,16,2
0,0,2
37,0,0
6,11,1
1,2,0
48,10,1
1,7,0
23,11,0
64,13,3
111,15,1
88,7,3
54,1,2
5,2,0
43,0,1
3,15,3
92,16,1
95,9,0
100,13,3
7,14,1
5,18,0
82,12,0
67,2,0
59,9,1
0,10,0
11,15,0
14,9,3
13,9,1
0,14,0
27,0,1
33,10,1

[Solution]

55,4,0
39,2,3
114,16,3
54,12,0
148,1,2
0,6,1
146,16,1
4,7,1
33,14,1
9,16,2
71,3,3
51,6,0
12,11,1
110,1,0
88,7,1
83,8,2
67,12,1
123,6,3
74,0,0
63,10,3
12,13,2
99,9,1
53,9,1
93,9,1
141,1,0
22,13,2
130,3,0
21,6,1
78,10,0
106,17,3
60,4,3
2,12,0
135,5,2
70,12,3
3,11,0
38,3,0
115,10,1
44,12,3
130,9,2
154,3,3
143,4,1
107,16,0
9,9,2
44,8,1
83,2,3
56,2,2
16,2,3
127,16,1
29,0,1
25,12,2

[Solution]

17,1,1
87,3,0
50,4,1
49,2,3
21,2,3
23,4,1
21,3,3
68,7,1
27,5,1
32,6,0
42,0,1
63,0,0
45,1,2
38,1,0
57,0,0
27,2,3
19,3,3
3,2,0
14,1,0
13,1,0
31,2,1
66,4,2
25,2,1
24,0,3
0,5,0
1,5,0
0,2,2
41,4,3
22,1,1
2,0,1
99,0,3
22,5,3
50,0,0
3,8,0
11,3,3
28,1,3
0,9,2
46,5,0
66,0,1
77,6,3
120,3,0
36,2,3
3,5,0
44,0,3
95,3,1
4,4,0
3,3,0
20,1,0
2,3,2
10,1,3

[Solution]

121,6,0
159,13,0
7,11,0
66,12,0
61,13,1
9,5,3
18,4,1
28,9,1
111,5,2
106,12,1
45,11,2
63,8,0
69,7,0
110,1,0
89,8,1
123,8,2
67,17,3
48,8,1
70,1,0
67,7,3
92,14,0
35,13,2
94,12,0
78,0,3
10,15,0
98,3,3
99,5,3
34,12,3
78,10,0
92,7,1
60,4,3
10,12,0
24,0,3
136,6,2
7,17,1
34,2,0
105,4,2
0,6,1
106,17,1
163,9,2
23,17,0
62,3,0
124,8,0
44,8,1
83,2,3
132,17,1
60,12,2
98,12,1
31,1,1
18,13,3

[Solution]

104,1,2
67,0,3
63,7,1
32,8,3
117,2,1
24,7,3
32,5,1
4,7,1
25,15,1
138,9,2
168,16,3
119,18,0
71,12,3
175,3,0
90,14,1
53,10,3
67,12,1
24,11,0
96,16,0
135,13,2
41,15,0
99,9,3
51,9,1
93,9,1
41,3,0
162,10,2
128,12,0
83,7,2
64,13,2
83,14,0
94,13,1
149,14,0
28,16,3
64,18,2
50,7,2
124,16,2
115,10,1
1,17,1
112,15,1
178,8,0
74,16,2
107,16,0
12,8,2
18,4,1
169,6,3
156,3,2
49,5,1
126,18,2
113,7,0
120,4,3

[Solution]

118,6,0
43,3,1
7,11,0
66,12,0
148,1,2
0,6,1
146,16,1
28,9,1
108,16,3
106,12,1
71,3,3
69,8,3
124,6,0
110,1,0
89,8,1
123,8,3
18,5,0
48,8,1
70,1,0
89,12,0
12,13,2
52,3,2
94,12,0
75,0,0
141,1,0
22,13,2
99,5,3
34,12,3
78,10,0
92,7,1
60,4,0
10,12,0
135,5,2
167,3,0
6,18,0
38,3,0
162,16,3
171,18,2
106,17,1
164,10,2
52,1,0
62,3,0
132,10,3
44,8,1
83,2,3
185,10,2
184,3,2
98,12,1
31,1,1
18,13,3

[Solution]

83,5,1
172,16,1
86,11,3
113,13,0
19,1,2
135,5,2
9,17,0
105,10,1
128,16,3
127,14,3
71,3,3
69,8,3
118,6,1
186,15,0
89,8,1
180,0,2
18,0,0
65,3,0
20,4,3
74,15,3
14,12,2
52,3,2
100,12,0
117,4,0
141,1,0
19,13,2
88,6,1
28,12,0
159,3,0
92,7,1
62,4,0
126,4,2
45,7,1
186,0,2
39,5,0
11,14,2
162,16,3
170,15,2
106,17,1
33,14,3
58,1,2
96,12,3
123,9,3
50,13,1
152,17,1
103,3,2
76,14,1
92,12,0
99,7,0
144,3,1

[Solution]

126,0,1
27,4,0
7,11,0
66,12,0
148,1,2
0,6,1
146,16,1
117,5,3
89,2,2
106,12,1
165,13,1
200,17,0
201,12,3
110,1,0
54,11,3
123,8,3
18,6,0
48,9,3
70,1,0
101,12,0
161,10,3
181,10,0
86,13,3
75,0,0
72,4,2
36,6,3
193,16,2
76,9,2
78,10,0
98,8,0
52,8,3
10,12,0
157,9,2
167,3,0
178,11,2
36,16,1
189,3,1
33,13,2
57,7,3
164,10,2
166,17,0
66,3,0
156,5,2
44,8,1
83,2,3
197,10,2
184,3,2
157,11,0
31,1,1
18,13,3

[Solution]

7,4,1
120,3,0
188,8,0
27,13,0
153,5,3
153,16,0
160,17,1
34,16,0
17,14,1
205,7,3
50,11,3
147,16,0
114,4,1
58,14,1
185,8,3
89,8,1
151,10,2
133,10,3
28,16,0
107,9,2
71,15,1
48,17,2
124,0,0
151,6,1
196,10,0
60,5,0
185,12,1
47,5,1
178,11,0
139,8,0
204,0,3
45,17,2
206,10,3
62,15,2
26,3,1
61,12,1
119,16,0
32,13,2
185,2,3
197,5,2
23,13,0
87,14,1
190,14,0
13,4,2
151,11,2
4,1,3
129,11,0
188,1,3
81,13,2
169,7,1

[Solution]

162,17,0
46,4,2
84,2,0
119,10,1
162,3,0
30,4,1
185,4,2
137,9,3
9,1,2
69,8,1
124,13,0
32,15,2
126,1,3
137,17,0
176,7,1
122,9,1
50,3,3
154,4,1
52,2,1
33,3,1
160,2,0
64,18,3
115,11,0
108,11,1
99,3,0
112,15,1
65,8,1
66,3,2
153,16,1
27,17,1
96,9,2
193,14,3
109,9,0
43,0,1
144,11,3
61,6,2
10,14,3
21,15,1
126,8,2
102,12,3
114,7,0
118,1,2
59,10,0
106,18,1
197,2,0
152,12,0
158,10,1
133,4,2
86,8,0
35,8,2
